# time target_qps actual_qps responses_per_sec failures_per_sec avg_latency connections conn_avg_latency
  0.250     3.33     2.00     2.00     0.00 0.000189     0.00 0.000000
  0.750    10.00     0.00     0.00     0.00 0.000000     0.00 0.000000
  1.250    16.67     0.00     0.00     0.00 0.000000     0.00 0.000000
  1.750    23.33     0.00     0.00     0.00 0.000000     0.00 0.000000
  2.250    30.00     0.00     0.00     0.00 0.000000     0.00 0.000000
  2.750    36.67     0.00     0.00     0.00 0.000000     0.00 0.000000
  3.250    43.33     0.00     0.00     0.00 0.000000     0.00 0.000000
  3.750    50.00     0.00     0.00     0.00 0.000000     0.00 0.000000
  4.250    56.67     0.00     0.00     0.00 0.000000     0.00 0.000000
  4.750    63.33     0.00     0.00     0.00 0.000000     0.00 0.000000
  5.250    70.00     0.00     0.00     0.00 0.000000     0.00 0.000000
  5.750    76.67     0.00     0.00     0.00 0.000000     0.00 0.000000
  6.250    83.33     0.00     0.00     0.00 0.000000     0.00 0.000000
  6.750    90.00     0.00     0.00     0.00 0.000000     0.00 0.000000
  7.250    96.67     0.00     0.00     0.00 0.000000     0.00 0.000000
  7.750   103.33     0.00     0.00     0.00 0.000000     0.00 0.000000
  8.250   110.00     0.00     0.00     0.00 0.000000     0.00 0.000000
  8.750   116.67     0.00     0.00     0.00 0.000000     0.00 0.000000
  9.250   123.33     0.00     0.00     0.00 0.000000     0.00 0.000000
  9.750   130.00     0.00     0.00     0.00 0.000000     0.00 0.000000
 10.250   136.67     0.00     0.00     0.00 0.000000     0.00 0.000000
 10.750   143.33     0.00     0.00     0.00 0.000000     0.00 0.000000
 11.250   150.00     0.00     0.00     0.00 0.000000     0.00 0.000000
 11.750   156.67     0.00     0.00     0.00 0.000000     0.00 0.000000
 12.250   163.33     0.00     0.00     0.00 0.000000     0.00 0.000000
 12.750   170.00     0.00     0.00     0.00 0.000000     0.00 0.000000
 13.250   176.67     0.00     0.00     0.00 0.000000     0.00 0.000000
 13.750   183.33     0.00     0.00     0.00 0.000000     0.00 0.000000
 14.250   190.00     0.00     0.00     0.00 0.000000     0.00 0.000000
 14.750   196.67     0.00     0.00     0.00 0.000000     0.00 0.000000
 15.250   200.00     0.00     0.00     0.00 0.000000     0.00 0.000000
 15.750   200.00     0.00     0.00     0.00 0.000000     0.00 0.000000
 16.250   200.00     0.00     0.00     0.00 0.000000     0.00 0.000000
 16.750   200.00     0.00     0.00     0.00 0.000000     0.00 0.000000
 17.250   200.00     0.00     0.00     0.00 0.000000     0.00 0.000000
 17.750   200.00     0.00     0.00     0.00 0.000000     0.00 0.000000
 18.250   200.00     0.00     0.00     0.00 0.000000     0.00 0.000000
 18.750   200.00     0.00     0.00     0.00 0.000000     0.00 0.000000
 19.250   200.00     0.00     0.00     0.00 0.000000     0.00 0.000000
 19.750   200.00     0.00     0.00     0.00 0.000000     0.00 0.000000
 20.250   200.00     0.00     0.00     0.00 0.000000     0.00 0.000000
 20.750   200.00     0.00     0.00     0.00 0.000000     0.00 0.000000
 21.250   200.00     0.00     0.00     0.00 0.000000     0.00 0.000000
 21.750   200.00     0.00     0.00     0.00 0.000000     0.00 0.000000
 22.250   200.00     0.00     0.00     0.00 0.000000     0.00 0.000000
 22.750   200.00     0.00     0.00     0.00 0.000000     0.00 0.000000
 23.250   200.00     0.00     0.00     0.00 0.000000     0.00 0.000000
 23.750   200.00     0.00     0.00     0.00 0.000000     0.00 0.000000
 24.250   200.00     0.00     0.00     0.00 0.000000     0.00 0.000000
 24.750   200.00     0.00     0.00     0.00 0.000000     0.00 0.000000
 25.250   200.00     0.00     0.00     0.00 0.000000     0.00 0.000000
 25.750   200.00     0.00     0.00     0.00 0.000000     0.00 0.000000
 26.250   200.00     0.00     0.00     0.00 0.000000     0.00 0.000000
 26.750   200.00     0.00     0.00     0.00 0.000000     0.00 0.000000
 27.250   200.00     0.00     0.00     0.00 0.000000     0.00 0.000000
 27.750   200.00     0.00     0.00     0.00 0.000000     0.00 0.000000
 28.250   200.00     0.00     0.00     0.00 0.000000     0.00 0.000000
 28.750   200.00     0.00     0.00     0.00 0.000000     0.00 0.000000
 29.250   200.00     0.00     0.00     0.00 0.000000     0.00 0.000000
